1
0
14
4
17
21
12
9
2
25
20
3
1
10
9
2
50
32 
32 
32 
32 
32 
32 
32 
32 
32 
32 
32 
35 
35 
35 
35 
35 
35 
35 
35 
35 
35 
35 
32 
32 
32 
32 
32 
32 
32 
32 
10 
32 
32 
32 
32 
32 
32 
32 
32 
32 
35 
35 
35 
35 
35 
35 
35 
35 
35 
35 
35 
35 
35 
35 
35 
35 
32 
32 
32 
32 
32 
10 
32 
32 
32 
32 
32 
32 
32 
32 
35 
35 
35 
32 
32 
32 
32 
32 
32 
32 
35 
35 
35 
35 
35 
35 
35 
35 
32 
32 
32 
32 
10 
32 
32 
32 
32 
32 
32 
32 
35 
35 
35 
32 
32 
32 
35 
35 
35 
35 
35 
35 
35 
35 
35 
35 
35 
35 
35 
35 
32 
32 
32 
10 
32 
32 
32 
32 
32 
32 
32 
35 
35 
35 
32 
32 
35 
35 
35 
35 
35 
32 
32 
32 
32 
32 
32 
32 
35 
35 
35 
35 
35 
32 
10 
32 
32 
35 
35 
35 
35 
35 
35 
35 
32 
32 
32 
35 
35 
35 
35 
35 
32 
32 
32 
32 
32 
32 
32 
32 
32 
32 
35 
35 
32 
32 
32 
32 
46 
111 
111 
111 
111 
111 
111 
46 
46 
111 
32 
111 
111 
111 
111 
111 
32 
32 
32 
32 
32 
111 
111 
111 
32 
32 
46 
111 
111 
111 
111 
111 
111 
46 
46 
111 
32 
10 
32 
35 
35 
35 
35 
35 
35 
35 
35 
32 
32 
32 
35 
35 
35 
35 
35 
35 
35 
35 
35 
35 
35 
35 
35 
35 
35 
35 
35 
32 
32 
32 
100 
56 
80 
39 
32 
32 
32 
32 
96 
89 
56 
32 
96 
56 
56 
56 
39 
32 
32 
32 
32 
32 
96 
56 
39 
32 
100 
56 
80 
39 
32 
32 
32 
32 
96 
89 
56 
32 
10 
32 
35 
35 
35 
32 
32 
35 
35 
35 
32 
32 
32 
32 
35 
35 
35 
35 
35 
35 
35 
35 
35 
35 
35 
35 
35 
35 
35 
35 
32 
32 
32 
89 
56 
56 
98 
111 
46 
32 
32 
32 
32 
32 
32 
32 
56 
56 
56 
32 
32 
32 
32 
32 
32 
32 
56 
32 
32 
89 
56 
56 
98 
111 
46 
32 
32 
32 
32 
32 
32 
10 
32 
35 
35 
35 
32 
32 
35 
35 
35 
32 
32 
32 
32 
32 
35 
35 
35 
35 
35 
35 
35 
35 
35 
35 
35 
35 
35 
35 
32 
32 
32 
32 
32 
96 
34 
89 
56 
56 
56 
56 
111 
46 
32 
32 
32 
56 
56 
56 
32 
32 
32 
32 
32 
32 
32 
56 
32 
32 
32 
96 
34 
89 
56 
56 
56 
56 
111 
46 
32 
32 
10 
32 
35 
35 
35 
32 
32 
35 
35 
35 
32 
32 
32 
32 
32 
32 
32 
32 
32 
32 
32 
32 
32 
32 
32 
32 
35 
35 
35 
32 
32 
32 
32 
32 
32 
32 
32 
32 
96 
34 
89 
56 
56 
98 
32 
32 
56 
56 
56 
32 
32 
32 
32 
32 
32 
32 
56 
32 
32 
32 
32 
32 
32 
32 
96 
34 
89 
56 
56 
98 
32 
10 
32 
35 
35 
32 
32 
32 
35 
35 
35 
32 
32 
32 
32 
32 
32 
32 
32 
32 
32 
32 
32 
32 
32 
32 
32 
35 
35 
35 
32 
32 
32 
32 
111 
111 
32 
32 
32 
32 
32 
46 
100 
56 
80 
32 
32 
96 
56 
56 
46 
32 
32 
32 
32 
46 
56 
39 
32 
32 
111 
111 
32 
32 
32 
32 
32 
46 
100 
56 
80 
32 
10 
32 
35 
35 
32 
32 
32 
35 
35 
35 
32 
32 
32 
32 
32 
32 
32 
32 
32 
32 
32 
32 
32 
32 
32 
32 
35 
35 
35 
32 
32 
32 
32 
56 
34 
34 
56 
56 
56 
56 
56 
80 
39 
32 
32 
32 
32 
32 
96 
89 
98 
111 
100 
80 
39 
32 
32 
32 
32 
56 
34 
34 
56 
56 
56 
56 
56 
80 
39 
32 
10 
32 
35 
35 
35 
32 
32 
35 
35 
35 
32 
32 
32 
32 
32 
32 
32 
32 
32 
32 
32 
32 
32 
32 
32 
32 
35 
35 
35 
32 
32 
10 
32 
35 
35 
35 
35 
32 
35 
35 
35 
32 
32 
32 
32 
32 
32 
32 
32 
32 
32 
32 
32 
32 
32 
32 
32 
35 
35 
35 
32 
32 
10 
32 
32 
35 
35 
35 
35 
35 
35 
35 
32 
32 
32 
32 
32 
35 
35 
35 
35 
35 
35 
35 
35 
35 
32 
35 
35 
35 
32 
32 
32 
10 
32 
32 
32 
32 
32 
32 
32 
35 
35 
32 
32 
32 
32 
32 
35 
35 
35 
32 
35 
35 
35 
35 
32 
32 
35 
35 
35 
32 
32 
32 
10 
32 
32 
32 
32 
32 
32 
32 
35 
35 
32 
32 
32 
32 
32 
35 
35 
35 
32 
35 
35 
35 
32 
32 
32 
35 
35 
35 
32 
32 
32 
10 
32 
32 
32 
32 
32 
32 
32 
35 
35 
35 
35 
35 
35 
35 
35 
35 
35 
32 
35 
35 
35 
35 
35 
35 
35 
35 
32 
32 
32 
32 
10 
32 
32 
32 
32 
32 
32 
32 
35 
35 
35 
35 
35 
35 
35 
35 
35
0

.1000
30